   7.7941879e+001  -4.4518719e+001  -1.6064740e+002
   6.1515244e+001  -5.6504955e+001  -1.2651219e+002
   5.7496922e+001  -6.6641899e+001  -1.2471852e+002
   4.3766342e+001  -7.1300888e+001  -1.5946567e+002
   5.2169537e+001  -6.0803638e+001  -1.6752092e+002
   6.4954483e+001  -6.6307144e+001  -1.9647052e+002
   4.9146767e+001  -7.6132858e+001  -1.8394980e+002
   4.6966759e+001  -9.5464088e+001  -1.3798056e+002
   6.5824127e+001  -1.1596379e+002  -1.6741525e+002
   6.2007107e+001  -9.3679810e+001  -1.0461663e+002
   5.8504681e+001  -8.2430649e+001  -1.1241516e+002
   6.3143997e+001  -9.9551811e+001  -7.7957092e+001
   6.0444687e+001  -1.0525146e+002  -6.3144634e+001
   6.4330162e+001  -6.5604897e+001  -7.2083923e+001
   7.0570831e+001  -5.0826733e+001  -1.1685715e+002
   9.3528351e+001  -5.6544006e+001  -2.0060916e+002
   9.0613373e+001  -4.6448284e+001  -1.7480800e+002
   8.1951241e+001  -4.7649246e+001  -1.1922445e+002
   6.9896095e+001  -7.1201042e+001  -5.7643127e+001
   6.8371788e+001  -9.2917450e+001  -5.3271271e+001
   9.9064560e+001  -4.6426159e+001  -1.5821114e+002
   1.0343784e+002  -5.6777348e+001  -1.2277414e+002
   1.0433829e+002  -7.1279701e+001  -1.1764240e+002
   1.2535726e+002  -7.8486839e+001  -1.4670761e+002
   1.2291417e+002  -6.7328369e+001  -1.5690570e+002
   1.1726306e+002  -7.0223572e+001  -1.8997169e+002
   1.2812161e+002  -8.2294212e+001  -1.7359628e+002
   1.1271190e+002  -1.0212133e+002  -1.2905157e+002
   9.8186867e+001  -1.1869534e+002  -1.6333435e+002
   8.9281570e+001  -9.5844124e+001  -1.0075069e+002
   9.5539108e+001  -8.9035355e+001  -1.0717144e+002
   7.9876465e+001  -1.0078544e+002  -7.5660957e+001
   7.7756828e+001  -1.0610441e+002  -6.1179279e+001
   8.1157898e+001  -6.7198875e+001  -6.9890182e+001
   9.1694519e+001  -5.2842476e+001  -1.1390367e+002